366
376
605
890
924
930
954
964
1008
1255
1273
1276
1278
1286
1287
1291
1292
1300
1314
1317
1321
1340
1345
1405
1409
1417
1423
1429
1443
1449
1459
1471
1473
1479
1490
1493
1504
1507
1516
1525
1566
1589
1601
1615
1628
1629
1654
1655
1659
1672
1673
1705
1737
1754
1759
1761
1819
1836
1882
1957
1975
1984
2017
2059
2061
2062
2068
2071
2074
2078
2108
2111
2117
2131
2143
2229
2252
2278
2311
2393
2417
2418
2460
2467
2474
2480
2484
2546
2802
2803
2817
2856
3114
3193
3391
3418
3455
3616
3661
3664
3671
3689
3692
3811
3825
3842
3921
4097
4192
4195
4206
4260
4269
4320
4473
4500
4507
4516
4528
4556
4622
4629
4659
4701
4702
4705
4771
4851
4854
4889
4956
4972
4973
4978
5034
5099
5106
5123
5218
5285
5374
5535
5576
5711
5744
5759
5905
5908
6402
6416
6434
6442
6444
6449
6453
6460
6474
6498
6515
6517
6518
6528
6546
6556
6558
6569
6574
6581
6598
6603
6613
6619
6626
6627
6631
6649
6650
6657
6663
6675
6677
6679
6708
6711
6718
6733
6750
6761
6775
6886
7033
7194
7258
7399
7464
7528
7537
7609
7633
7637
7661
7665
7680
7785
7813
7815
7819
7821
7831
7833
7836
7837
7857
7887
7899
7905
7913
7975
7984
7998
8011
8036
8052
8056
8059
8063
8068
8119
8134
8143
8219
8223
8236
8298
8318
8354
8371
8375
8429
8432
8437
8441
8467
8472
8480
8482
8484
8499
8500
8558
8561
8564
8587
8620
8623
8645
8670
8720
8759
8796
8801
8991
9031
9071
9105
9114
9132
9172
9215
9267
9290
9297
9318
9327
9430
9440
9459
9478
9498
9501
9504
9558
9657
9665
9690
9729
9747
9748
9753
9756
9801
9802
9834
9849
9860
9861
9862
9864
9868
12941
12946
12958
12961
12970
12986
13000
13002
13014
13024
13030
13037
13039
13045
13057
13062
13092
13094
13112
13117
13121
13196
13214
13248
13256
13262
13266
13282
13286
13289
13319
13326
13339
13358
13366
13372
13376
13387
13392
13396
13397
13400
13402
13405
13406
13409
13420
13423
13440
13444
13445
13447
13478
13484
13486
13488
13508
13511
13525
13539
13552
13585
13587
13591
13604
13606
13608
13616
13627
13638
13651
13658
13686
13691
13697
13699
13706
13710
13711
13714
13718
13721
13734
13743
13745
13766
13767
13774
13778
13780
13781
13801
13804
13840
13843
13849
13864
13876
13879
13881
13888
13891
13919
13923
13938
13952
13954
13964
14023
14033
14040
14046
14066
14078
14081
14084
14096
14103
14105
14117
14130
14135
14138
14150
14157
14163
14178
14204
14214
14216
14224
14230
14237
14244
14245
14256
14265
14276
14279
14285
14389
14393
14397
14399
14400
14401
14402
14405
14406
14407
14409
14413
14423
14433
14454
14466
14481
14544
14560
14573
14580
14582
14585
14600
14610
14630
14659
14673
14696
14724
14727
14735
14738
14747
14760
14768
14843
14877
14885
14931
14950
14953
14958
14973
14992
15054
15070
15072
15155
15316
15329
15553
15622
15684
15708
15727
15758
15770
15796
15803
15817
15895
15907
16179
16233
16344
16350
16352
16362
16370
16411
16419
16461
16471
16483
16533
16582
16612
16616
16624
16636
16649
16682
16740
16748
16761
16775
16792
16926
16944
16946
16956
16963
16965
16979
16988
16993
17372
17386
17406
17433
17463
17464
17465
17474
17475
17477
17483
17507
17508
17517
17527
17534
17543
17550
17565
17582
17591
17629
17642
17659
17661
17668
17676
17680
17682
17686
17698
17706
17730
17731
17733
17752
17753
17755
17768
17782
17783
17784
17794
17804
17805
17810
17811
17817
17826
17830
17845
17852
17853
17883
17885
17898
17901
17910
17919
17931
17934
17939
17955
17958
17964
17970
17974
17976
17989
17991
18003
18029
18033
18048
18058
18067
18075
18078
18099
18102
18128
18151
18154
18155
18159
18177
18187
18188
18250
18254
18258
18267
18280
18282
18284
18295
18297
18299
18322
18324
18333
18368
18379
18382
18412
18418
18430
18439
18447
18450
18453
18494
18513
18519
18540
18562
18564
18567
18581
18597
18648
18670
18677
18681
18690
18701
18712
18728
18749
18755
18776
18785
18794
18798
18799
18809
18830
18833
18837
18838
18843
18845
18849
18881
18889
18890
18914
18917
18929
18962
18983
18990
18997
19006
19021
19138
19183
19189
19200
19201
19206
19210
19217
19218
19235
19237
19238
19256
19262
19264
19294
19305
19314
19459
19466
19473
19518
19524
19567
19572
19584
19644
19665
19682
19694
19711
19736
19741
19752
19825
19834
19843
19873
19879
19882
19888
19930
20000
20007
20011
20015
20033
20060
20069
20104
20122
20145
20149
20156
20161
20196
20203
20205
20224
20231
20239
20253
20259
20296
20297
20312
20314
20332
20362
20393
20428
20447
20459
20461
20494
20495
20506
20534
20548
20572
20576
20590
20611
20623
20629
20647
20648
20716
20854
20926
20987
20995
21014
21108
21192
21197
21234
21237
21254
21267
21277
21300
21372
21375
21429
21504
21558
21570
21615
21672
21732
21744
21756
21774
21806
21900
21927
21936
21957
21963
22068
22107
22110
22119
22127
22133
22183
22202
22220
22251
22263
22322
22347
22357
22365
22384
22416
22486
22497
22528
22539
22544
22545
22547
22552
22593
22606
22645
22649
22667
22673
22721
22743
22749
22750
22783
22799
22823
22825
22837
22855
22861
22882
22899
22936
22975
22995
23017
23023
23041
23074
23080
23136
23149
23164
23188
23196
23216
23250
23284
23335
23359
23384
23389
23394
23456
23569
23589
23625
23678
23691
23714
23716
23728
23738
23741
23759
23761
23762
23763
23768
23820
23923
23953
23987
24003
24063
24071
24078
24099
24132
24155
24157
24171
24174
24195
24225
24236
24246
24308
24309
24332
24333
24351
24420
24526
24546
24548
24552
24555
24561
24562
24564
24576
24591
24615
24618
24636
24657
24666
24708
24718
24725
24732
24771
24806
24912
24918
24925
25127
25199
25232
25241
25304
25364
25366
25392
25413
25417
25424
25438
25447
25458
25460
25462
25465
25472
25478
25489
25496
25502
25507
25522
25525
25542
25624
25695
25700
25701
25711
25716
25741
25756
25771
25777
25786
25790
25807
25820
25836
25843
25844
25845
25846
25850
25851
25865
25872
25885
25886
25888
25891
25897
25903
25928
25937
25949
25958
25964
25978
25980
26076
26078
26087
26091
26098
26100
26119
26131
26136
26146
26149
26155
26161
26186
26195
26203
26233
26245
26251
26267
26275
26276
26294
26299
26313
26330
26389
26421
26461
26473
26474
26476
26483
26491
26500
26515
26536
26549
26550
26564
26623
26647
26651
26659
26689
26694
26705
26708
26713
26723
26730
26732
26744
26756
26769
26784
26787
26796
26852
26989
27003
27058
27088
27118
27157
27195
27206
27222
27251
27255
27259
27294
27295
27321
27322
27323
27345
27352
27402
27418
27464
27548
27600
27601
27624
27632
27640
27663
27665
27668
27672
27673
27691
27714
27731
27735
27756
27795
27796
27809
27843
27854
27867
27870
27871
27882
27883
27912
27926
27950
27987
28087
28089
28092
28096
28097
28104
28112
28124
28205
28258
28326
28346
28364
28365
28468
28472
28519
28524
28536
28549
28553
28558
28629
28640
28724
28754
28820
28861
28913
28964
28969
28994
28997
29054
29105
29106
29124
29376
29381
29383
29384
29386
29437
29464
29515
29519
29568
29661
29695
29720
29772
29806
29812
29824
29881
29911
29985
29986
29989
30010
30091
30196
30201
30446
30475
30550
30639
30644
30686
30716
30730
30734
30875
30890
30911
30914
30928
30957
30963
30967
30982
31053
31055
31057
31059
31060
31061
31063
31065
31091
31109
31178
31288
31313
31318
31382
31532
31541
31565
31610
31734
31767
31790
31800
31832
31874
31916
31931
31950
31997
32075
32093
32135
32271
32278
32294
32360
32385
32408
32411
32421
32439
32468
32518
32527
32528
32529
32530
32531
32566
32569
32644
32671
32677
32701
32713
32796
32852
32862
32872
32916
33024
33034
33302
33316
33317
33321
33335
33336
33338
33351
33367
33434
33450
33454
33456
33463
33484
33489
33511
33513
33522
33616
33647
33770
33805
33867
33871
33872
33874
33881
33910
33938
33953
33958
33983
33995
34016
34028
34073
34080
34088
34089
34120
34129
34133
34148
34175
34205
34295
34310
34388
34465
34484
34487
34498
34520
34609
34616
34670
34679
34718
34733
34740
34748
34766
34844
34965
34967
34968
34974
34976
34977
34979
34985
34988
34998
35026
35029
35147
35213
35276
35354
35411
35438
35514
35587
35600
35633
35663
35805
35828
35855
35870
35906
35956
36108
36218
36252
36277
36382
36417
36552
36582
36601
36625
36640
36658
36665
36677
36691
36765
36799
36808
36823
36867
37069
37099
37114
37226
37261
37270
37283
37302
37393
37400
37411
37468
37469
37510
37810
37905
37912
38083
38150
38158
38167
38264
38300
38319
38342
38425
38431
38449
38457
38502
38518
38528
38531
38564
38582
38595
38677
38752
38827
39251
39280
39283
39334
39345
39353
39457
39540
39617
39622
39631
39702
39709
39766
39790
39808
39862
40099
40165
40178
40207
40231
40266
40326
40330
40385
40392
40477
40541
40550
40652
40744
40779
40814
40816
40822
40831
40951
40981
41076
41106
41218
41253
41260
41264
41265
41272
41296
41310
41319
41333
41337
41340
41410
41432
41439
41443
41446
41457
41466
41472
41490
41561
41562
41577
41587
41632
41675
41683
41716
41729
41740
41854
41887
41926
41982
42043
42093
42105
42115
42128
42203
42261
42262
42268
42272
42277
42302
42308
42311
42322
42332
42357
42362
42371
42375
42445
42460
42463
42465
42580
42652
42703
42709
42747
42803
42805
42901
42973
42979
43110
43126
43135
43156
43222
43261
43303
43308
43322
43409
43412
43439
43449
43456
43458
43504
43505
43506
43507
43508
43509
43539
43541
43546
43554
43563
43569
43570
43627
43636
43645
43646
43654
43663
43669
43675
43678
43681
43684
43687
43697
43705
43714
43723
43724
43726
43735
43738
43765
43768
43771
43774
43777
43786
43789
43792
43793
43795
43798
43810
43816
43825
43831
43834
43835
43843
43856
43867
44164
44167
44173
44179
44185
44188
44203
44209
44221
44230
44233
44234
44239
44242
44257
44260
44266
44269
44272
44279
44281
44287
44308
44311
44317
44320
44321
44329
44341
44347
44348
44350
44353
44357
44361
44363
44365
44368
44369
44377
44405
44407
44410
44411
44416
44422
44423
44425
44437
44446
44455
44470
44479
44584
44596
44599
44601
44615
44619
44803
44899
45126
45275
45311
45394
45581
45615
45620
45651
45653
45675
45710
45839
45848
45888
45929
45968
45980
46034
46067
46083
46125
46161
46163
46181
46199
46217
46239
46262
46278
46286
46317
46323
46404
46434
46451
46478
46479
46508
46532
46559
46595
46604
46607
46628
46631
46638
46661
46676
46712
46735
46742
46745
46823
46850
46859
46892
46913
46926
46930
46934
46955
47003
47020
47027
47090
47180
47192
47249
47255
47297
47393
47405
47426
47548
47597
47639
47657
47660
47663
47681
47696
47723
47750
47816
47844
47846
47855
47939
47947
47969
48005
48010
48066
48086
48101
48104
48110
48113
48116
48143
48179
48206
48222
48230
48239
48242
48251
48257
48275
48316
48342
48360
48374
48405
48437
48449
48456
48457
48475
48495
48529
48533
48554
48557
48561
48564
48566
48571
48578
48582
48593
48610
48611
48631
48651
48652
48669
48733
48748
48751
48759
48765
48776
48778
48835
48888
48910
48911
48920
48988
49013
49064
49108
49123
49148
49169
49200
49212
49243
49292
49299
49408
49443
49496
49549
49564
49585
49660
49674
49689
49786
49827
49961
50006
50018
50066
50167
50273
50295
50300
50301
50358
50370
50403
50439
50460
50479
50487
50488
50489
50493
50495
50499
50500
50505
50508
50509
50514
50517
50519
50520
50539
50540
50556
50805
50940
50955
50956
50958
50976
50982
50991
50992
50993
51003
51012
51016
51020
51026
51027
51031
51033
51059
51079
51081
51090
51096
51098
51109
51110
51111
51116
51117
51123
51138
51141
51144
51155
51170
51195
51206
51232
51241
51247
51336
51421
51461
51543
51546
51549
51558
51559
51570
51571
51583
51588
51592
51595
51600
51603
51610
51619
51622
51625
51637
51685
51686
51719
51746
51821
51844
51864
51866
51884
51893
51920
51995
52037
52045
52052
52112
52120
52121
52249
52271
52274
52307
52375
52433
52440
52454
52469
52579
52607
52615
52618
52631
52665
52710
52743
52806
52841
52956
52970
53133
53177
53225
53257
53300
53305
53308
53328
53376
53385
53396
53417
53434
53442
53468
53474
53481
53505
53564
53583
53658
53663
53692
53718
53733
53760
53875
53877
53885
53889
53893
53896
53902
53904
53922
53927
53930
53938
53944
53950
53965
53974
53991
54016
54060
54074
54097
54102
54107
54121
54130
54176
54261
54340
54413
54416
54425
54495
54496
54502
54530
54540
54544
54611
54623
54659
54737
54749
54753
54756
54760
54761
54763
54773
54774
54776
54780
54782
54856
54928
55012
55018
55099
55110
55114
55125
55140
55143
55163
55172
55175
55182
55201
55225
55246
55251
55378
55387
55428
55585
55600
55609
55623
55758
55768
55773
55779
55804
55825
55831
55845
55902
55984
55993
56005
56011
56012
56032
56041
56058
56076
56137
56154
56158
56184
56188
56326
56392
56410
56424
56436
56438
56456
56472
56475
56478
56479
56482
56483
56485
56486
56487
56489
56490
56494
56496
56500
56525
56540
56564
56576
56630
56695
56768
56774
56785
56798
56818
56819
56826
56828
56832
56846
56848
56861
56871
56876
56894
56917
56939
56966
56974
57040
57134
57160
57191
57215
57224
57239
57311
57350
57416
57453
57473
57482
57542
57620
57641
57647
57717
57765
57769
57773
57783
57785
57803
57805
57810
57832
57841
57849
57929
58027
58413
58422
58543
58623
58730
58819
58990
59037
59069
59132
59134
59196
59460
59569
59646
59694
59785
59914
59969
59980
60051
60118
60179
60687
60694
60956
61022
61244
61257
61313
61472
61474
61475
61478
61483
61516
61526
61529
61544
61600
61628
61726
61737
61811
61857
61896
62342
62419
62429
62474
62630
62697
62940
62974
63251
63287
63480
63515
63589
63752
63784
63801
63827
63867
63878
63884
63893
63902
63932
63977
64116
64326
64353
64375
64389
64400
64478
64654
64670
64686
64722
64734
64739
64742
64745
64752
64760
64764
64770
64773
64788
64798
64803
64804
64806
64807
64815
64825
64833
64836
64865
64913
65131
65152
65155
65215
65257
65308
65332
65347
65413
65576
65622
65670
65712
65735
65744
65751
65768
65782
65784
65863
65879
65890
65908
65922
65991
66040
66067
66094
66097
66122
66126
66139
66142
66229
66282
66313
66332
66419
66485
66490
66779
66782
66864
66892
66941
66958
66983
66996
67007
67042
67246
67360
67396
67612
67625
67700
67738
67876
67892
67903
67962
67966
67975
67985
67996
68132
68242
68266
68450
68546
68632
68720
68766
68770
68846
68933
69010
69028
69058
69101
69109
69131
69142
69193
69196
69301
69313
69325
69346
69376
69430
69437
69499
69505
69519
69521
69526
69529
69532
69554
69558
69640
69646
69682
69694
69715
69761
69787
69796
69832
69844
69845
69853
69871
69879
69889
69923
69925
69931
69967
70026
70033
70034
70035
70039
70053
70102
70204
70302
70334
70368
70375
70388
70391
70404
70414
70452
70486
70504
70612
70671
70789
70909
70911
70915
70945
70953
70964
70975
70984
70992
70995
71020
71022
71026
71028
71033
71043
71061
71066
71071
71083
71104
71140
71141
71161
71164
71181
71185
71382
71390
71395
71396
71435
71439
71442
71458
71495
71539
71728
71729
71809
71908
71988
72028
72070
72115
72140
72148
72307
72352
72434
72450
72605
72606
72628
72637
72748
72836
72867
72936
73000
73028
73043
73079
73120
73184
73264
73284
73322
73570
73637
73663
73736
73771
73774
73784
73787
73789
73791
73798
73801
73806
73809
73812
73817
73820
73823
73832
73853
73867
73921
73965
73979
73985
74007
74102
74178
74180
74258
74348
74387
74411
74444
74456
74482
74486
74518
74561
74611
74896
74918
74956
74976
75031
75057
75136
75147
75150
75153
75159
75164
75187
75193
75196
75226
75243
75249
75264
75268
75310
75382
75404
75417
75421
75423
75427
75435
75447
75462
75474
75477
75480
75485
75491
75492
75514
75516
75531
75557
75845
75855
75860
75923
75989
76040
76072
76097
76147
76151
76183
76202
76241
76256
76267
76289
76323
76328
76331
76370
76394
76400
76430
76451
76512
76515
76541
76578
76592
76616
76636
76639
76661
76662
76668
76691
76697
76700
76701
76763
76801
76814
76852
77018
77039
77041
77075
77105
77108
77110
77112
77124
77128
77141
77176
77188
77190
77193
77215
77222
77224
77225
77227
77234
77260
77302
77307
77395
77454
77483
77637
77662
77671
77676
77707
77797
77910
77963
77997
78069
78139
78192
78193
78194
78195
78257
78260
78290
78343
78364
78425
78507
78541
78559
78561
78567
78572
78582
78601
78606
78623
78676
78703
78721
78737
78764
78797
78808
78809
78815
78842
78848
78854
78879
78962
78979
79001
79106
79109
79189
79231
79232
79233
79244
79264
79270
79304
79307
79334
79336
79412
79460
79481
79496
79532
79565
79571
79578
79643
79676
79682
79703
79730
79757
79799
79829
79856
79869
79882
79889
79918
79946
79949
79959
79973
79976
80015
80039
80066
80081
80087
80099
80282
80353
80355
80372
80389
80408
80420
80459
80519
80521
80522
80546
80588
80627
80645
80663
80666
80801
80819
80828
80882
80888
80928
80945
81200
81229
81247
81255
81298
81335
81341
81418
81583
81584
81635
81669
81673
81740
81804
81834
81866
81893
81994
82044
82138
82162
82174
82175
82186
82236
82261
82308
82385
82427
82438
82451
82456
82458
82487
82498
82501
82528
82555
82576
82627
82675
82732
82747
82777
82807
82813
82816
82834
82852
82858
82861
82867
82906
82909
82912
82953
82986
82998
83002
83036
83083
83086
83119
83131
83149
83154
83155
83162
83173
83194
83215
83218
83278
83281
83287
83295
83302
83311
83313
83323
83344
83352
83355
83407
83443
83446
83449
83458
83652
83653
83662
83664
83665
83671
83674
83683
83698
83707
83725
83728
83749
83755
83761
83773
83775
83843
83844
83856
83869
83875
83890
83926
83931
83932
83966
83969
83986
84001
84010
84016
84024
84028
84043
84079
84094
84121
84135
84146
84148
84190
84217
84223
84226
84244
84247
84367
84453
84480
84505
84535
84556
84574
84580
84589
84590
84592
84594
84598
84604
84606
84609
84610
84616
84623
84654
84668
84673
84675
84693
84701
84704
84708
84711
84715
84750
84845
84864
84872
84874
84898
84944
84968
84994
85059
85223
85367
85487
85549
85610
85724
85762
85814
85850
85877
85892
86031
86045
86145
86217
86293
86426
86470
86538
86570
86660
86669
86732
86790
86793
86837
86864
87074
87092
87109
87172
87434
87489
87537
87697
87756
87922
87924
87947
87950
87952
87957
87975
87979
87986
87987
87998
88022
88051
88058
88106
88123
88130
88131
88134
88136
88148
88153
88154
88157
88160
88167
88211
88297
88308
88346
88355
88386
88442
88443
88462
88492
88504
88525
88543
88591
88592
88603
88698
88767
88813
88820
88840
88905
88906
88916
88926
89029
89056
89077
89199
89236
89434
89522
89553
89642
89651
89654
89692
89770
89890
89923
89926
89927
89929
89932
89935
89942
89948
89953
89975
89987
89997
90000
90001
90004
90009
90013
90018
90026
90047
90089
90102
90104
90105
90107
90111
90113
90115
90118
90134
90173
90185
90187
90191
90204
90210
90216
90229
90259
90266
90361
90369
90380
90390
90393
90395
90399
90409
90459
90464
90547
90550
90556
90579
90683
90721
90930
90956
90970
90976
91159
91194
91205
91357
91365
91390
91399
91437
91444
91453
91519
91533
91673
91694
91721
91770
91781
91851
91862
91881
91919
91938
91982
92018
92023
92024
92025
92041
92055
92077
92078
92123
92155
92159
92192
92201
92204
92207
92219
92241
92247
92274
92283
92301
92311
92323
92342
92355
92395
92569
92677
92700
92829
92861
92879
92907
92930
92931
92933
92948
92950
92963
93012
93059
93136
93155
93181
93187
93193
93287
93319
93334
93343
93386
93395
93411
93416
93449
93473
93489
93490
93500
93519
93525
93563
93578
93584
93622
93625
93649
93723
93883
93900
93904
93909
93910
93915
93916
93921
93925
93945
93947
93948
93951
93967
93974
93977
93980
93981
93985
93986
93997
94015
94035
94037
94038
94040
94041
94043
94052
94053
94084
94086
94088
94089
94092
94093
94109
94123
94129
94146
94153
94166
94168
94170
94188
94243
94249
94274
94275
94286
94295
94304
94817
94865
94880
94900
94901
94907
94908
94913
94916
94923
94926
94946
94954
94961
95030
95070
95111
95173
95214
95221
95238
95284
95292
95298
95334
95335
95375
95405
95427
95432
95463
95512
95519
95534
95544
95556
95562
95618
95657
95662
95676
95693
95743
95751
95760
95775
95780
95788
95792
95823
95854
95856
95904
95910
95938
96008
96011
96020
96067
96080
96123
96156
96167
96212
96233
96423
96530
96669
96689
96722
96725
96734
96735
96756
96760
96762
97031
97089
97284
97345
97348
97429
97479
97490
97559
97580
97731
97768
97777
97780
97782
97802
97818
97831
97841
98019
98057
98100
98215
98270
98273
98302
98418
98629
98641
98656
98672
98679
98688
98759
98799
98804
98806
98810
98812
98813
98816
98861
98897
98936
99096
99155
99250
99277
99309
99392
99417
99473
99513
99515
99576
99582
99607
99609
99618
99628
99636
99691
99706
99753
99840
99943
99945
100054
100058
100095
100119
100150
100164
100182
100198
100296
100416
100535
100556
100558
100572
100601
100620
100688
100761
100767
100875
100929
100930
100981
100982
101091
101306
101326
101358
101382
101667
101776
101870
102006
102015
102078
102135
102159
102171
102189
102335
102338
102353
102375
102376
102381
102405
102449
102476
102729
102738
102740
102744
102759
102816
102819
102821
102822
102830
102837
102844
102850
102852
102867
102941
103079
103305
103479
103480
103485
103494
103506
103515
103542
103657
103707
103713
103728
103784
103821
104022
104070
104124
104214
104274
104340
104341
104403
104404
104433
104481
104522
104543
104569
104700
104711
104753
104795
104804
104864
104890
104904
104954
105038
105056
105104
105188
105191
105223
105298
105327
105378
105434
105446
105558
105586
105680
105723
105737
105755
105776
105782
105784
105807
105826
105841
105893
105915
105926
105985
106022
106048
106088
106123
106214
106257
106312
106361
106370
106398
106418
106483
106621
106731
106760
106772
106778
106780
106833
106877
107021
107027
107049
107059
107062
107066
107068
107069
107071
107072
107077
107083
107084
107087
107094
107095
107263
107266
107274
107277
107282
107285
107288
107302
107305
107311
107332
107347
107350
107353
107371
107377
107383
107405
107419
107437
107452
107457
107466
107473
107493
107502
107507
107514
107516
107518
107543
107546
107549
107553
107555
107577
107583
107589
107604
107605
107606
107607
107610
107621
107633
107638
107654
107665
107699
107700
107706
107709
107721
107724
107736
107745
107778
107789
107796
107802
107805
107810
107817
107822
107832
107838
107841
107844
107874
107884
107886
107894
107902
107904
107905
107961
107971
107972
107996
107997
108010
108015
108028
108038
108039
108040
108041
108051
108054
108055
108057
108069
108072
108093
108099
108102
108117
108120
108126
108131
108135
108166
108168
108171
108177
108189
108194
108198
108200
108206
108209
108210
108213
108215
108219
108222
108225
108228
108800
108808
108815
108820
108827
108834
108836
108841
108849
108894
109031
109034
109066
109069
109084
109117
109138
109171
109200
109203
109220
109221
109223
109275
109293
109305
109341
109344
109362
109383
109404
109422
109458
109461
109491
109520
109524
109540
109545
109557
109685
109731
109734
109739
109740
109743
109817
109830
109845
109848
109896
109923
109934
109941
109971
110017
110061
110064
110105
110108
110142
110148
110175
110220
110222
110226
110232
110268
110271
110277
110305
110310
110358
110366
110372
110375
110378
110403
110427
110438
110460
110475
110484
110487
110490
110517
110532
110547
110559
110570
110577
110579
110583
110584
110586
110588
110591
110597
110600
110602
110603
110616
110682
110700
110739
110772
110796
110811
110819
110823
110826
110829
110841
110844
110889
110892
110901
110910
110913
110917
110919
110920
110926
110943
110955
110973
110991
111003
111004
111005
111009
111027
111054
111074
111075
111081
111108
111276
111288
111303
111330
111345
111356
111364
111369
111385
111386
111390
111391
111404
111434
111439
111444
111450
111453
111455
111457
111459
111473
111495
111500
111554
111639
111659
111719
111721
111725
111733
111742
111853
111876
111880
111915
111919
111949
111957
112009
112048
112078
112096
112105
112111
112115
112150
112156
112165
112171
112180
112181
112184
112201
112213
112216
112217
112296
112351
112393
112421
112442
112468
112641
112672
112673
112674
112682
112718
112729
112753
112757
112838
112844
112888
112909
112940
112986
113000
113021
113024
113060
113062
113112
113115
113124
113132
113144
113165
113195
113246
113264
113273
113336
113337
113339
113342
113369
113384
113403
113408
113414
113432
113433
113446
113465
113508
113529
113532
113576
113615
113624
113630
113631
113633
113664
113672
113675
113681
113714
113759
114011
114110
114145
114173
114179
114264
114266
114282
114305
114310
114318
114337
114457
114493
114497
114498
114500
114513
114639
114712
114738
114742
114874
114901
114963
114972
115003
115182
115185
115188
115257
115271
115332
115347
115362
115490
115495
115497
115499
115504
115592
115596
115642
115644
115647
115666
115681
115688
115774
115810
115819
115963
116086
116103
116121
116209
116314
116486
116517
116521
116629
116638
116694
116701
116770
116912
116946
117011
117013
117042
117072
117075
117090
117200
117207
117242
117293
117378
117414
117417
117434
117450
117480
117499
117532
117556
117586
117592
117760
117816
117870
117882
117895
117955
117963
118017
118029
118042
118056
118065
118089
118094
118100
118113
118224
118263
118271
118285
118305
118333
118347
118357
118362
118365
118366
118380
118422
118473
118479
118488
118503
118505
118578
118670
118672
118842
118875
118933
118948
118950
118979
118986
118988
119022
119041
119049
119064
119067
119104
119116
119121
119160
119294
119331
119354
119420
119430
119472
119506
119511
119589
119633
119772
119802
119828
119847
119856
119895
119898
119907
119912
119963
119969
119994
119999
120081
120150
120199
120206
120227
120293
120377
120413
120428
120441
120543
120544
120568
120571
120678
120746
120980
120993
121001
121006
121012
121032
121051
121060
121066
121082
121097
121118
121186
121276
121316
121352
121367
121385
121409
121580
121631
121790
121934
122012
122024
122042
122138
122159
122180
122198
122238
122249
122333
122377
122387
122418
122429
122444
122488
122503
122553
122560
122568
122592
122639
122674
122715
122793
122886
122931
122953
123069
123087
123118
123127
123129
123132
123150
123203
123223
123261
123326
123366
123390
123474
123477
123491
123509
123523
123524
123560
123606
123624
123683
123692
123726
123804
123894
123898
123995
124010
124012
124050
124059
124062
124106
124118
124125
124167
124170
124190
124194
124208
124220
124223
124234
124244
124280
124338
124364
124460
124579
124663
124702
124705
124708
124788
124915
125049
125091
125135
125138
125139
125142
125148
125152
125236
125239
125251
125344
125377
125413
125466
125470
125471
125474
125482
125484
125490
125492
125505
125531
125542
125558
125559
125568
125571
125580
125631
125637
125639
125655
125745
125817
125820
125847
125849
125874
125886
125925
125943
125955
126001
126018
126021
126038
126042
126045
126066
126075
126081
126090
126091
126105
126123
126131
126150
126171
126192
126270
126275
126294
126417
126420
126436
126451
126588
126618
126624
126663
126684
126740
126754
126815
126825
126832
126833
126857
126894
126903
126927
126969
126999
127029
127043
127067
127148
127181
127218
127227
127236
127428
127437
127452
127494
127506
127515
127524
127563
127659
127708
127712
127718
127741
127776
127791
127797
127800
127827
127837
127849
128049
128052
128081
128105
128106
128120
128131
128145
128148
128196
128216
128220
128247
128265
128286
128292
128333
128343
128355
128376
128523
128538
128549
128564
128588
128598
128613
128622
128655
128661
128670
128676
128685
128691
128721
128754
128760
128793
128798
128985
129000
129009
129050
129087
129111
129135
129140
129141
129158
129161
129171
129177
129215
129216
129282
129306
129318
129329
129336
129439
129480
129507
129603
129712
129745
129841
129881
129898
129971
130042
130071
130078
130089
130124
130162
130169
130174
130209
130228
130259
130300
130309
130315
130369
130378
130403
130439
130465
130467
130468
130476
130505
130510
130516
130517
130518
130528
130534
130542
130658
130673
130690
130707
130717
130738
130747
130774
130786
130822
130855
130859
130872
130898
130912
130915
130927
131026
131045
131047
131053
131102
131191
131261
131266
131320
131374
131410
131441
131442
131452
131497
131573
131577
131578
131579
131583
131686
131809
131890
131906
131972
131987
132005
132058
132091
132185
132195
132270
132274
132314
132357
132432
132442
132468
132584
132612
132613
132631
132755
132906
132908
132936
132969
132993
133110
133150
133155
133164
133170
133247
133263
133274
133275
133357
133378
133400
133464
133516
133618
133665
133680
133743
133753
133827
133878
133881
133904
133918
133922
133951
133958
134034
134040
134067
134184
134253
134411
134478
134499
134585
134598
134664
134677
134712
134739
134883
134955
134956
134973
135015
135024
135090
135094
135126
135135
135136
135149
135167
135174
135214
135324
135348
135368
135419
135434
135552
135635
135685
135722
135758
135773
135779
135872
135983
136053
136098
136111
136190
136194
136195
136240
136287
136442
136533
136564
136572
136575
136600
136630
136733
136924
136959
136971
136981
137164
137200
137326
137384
137395
137397
137405
137410
137415
137429
137464
137484
137511
137586
137743
137778
137816
137830
137836
137846
137870
137876
137915
137916
137951
138004
138061
138094
138115
138238
138292
138317
138320
138358
138437
138574
138596
138602
138748
138787
138894
138922
138924
139075
139143
139252
139260
139261
139263
139265
139269
139271
139282
139283
139285
139289
139291
139296
139304
139415
139425
139493
139602
139683
139765
139791
139806
139819
139840
139886
139890
139935
139940
139977
140127
140143
140145
140184
140220
140258
140262
140271
140338
140401
140426
140623
140733
140811
140817
140818
140923
140991
141052
141111
141144
141168
141232
141368
141386
141394
141562
141605
141656
141660
141662
141692
141734
141771
141828
141834
141838
141843
141846
141849
141858
141878
141881
141920
141932
141935
141947
141957
141974
141977
141992
141999
142020
142166
142174
142187
142209
142255
142259
142272
142445
142458
142527
142658
142664
142804
142817
142853
142954
143108
143165
143201
143211
143252
143264
143306
143372
143407
143427
143454
143534
143591
143699
143873
143877
143903
143918
143924
143932
143935
143947
143960
143997
144097
144101
144183
144191
144194
144302
144311
144401
144416
144440
144513
144538
144559
144563
144571
144599
144605
144614
144722
144758
144761
144803
144833
144970
144975
144980
144982
144988
144989
144995
144996
145001
145006
145011
145018
145021
145024
145033
145037
145044
145048
145049
145061
145064
145066
145165
145232
145238
145250
145258
145275
145574
145608
145615
145618
145648
145659
145699
145751
145754
145837
145882
145903
145970
146105
146148
146149
146151
146156
146163
146166
146169
146170
146190
146192
146194
146198
146200
146201
146233
146237
146243
146246
146264
146302
146333
146337
146346
146368
146482
146539
146562
146571
146642
146687
146766
146772
146777
146780
146789
146790
146791
146829
146862
146886
146892
146907
146940
147027
147030
147032
147036
147038
147060
147090
147102
147111
147121
147141
147177
147236
147239
147240
147248
147258
147303
147314
147425
147558
147573
147671
147688
147703
147713
147714
147786
147849
147917
148036
148058
148091
148097
148214
148260
148279
148323
148373
148397
148459
148466
148559
148586
148640
148838
148901
148925
149021
149083
149102
149264
149291
149318
149336
149368
149381
149402
149495
149537
149657
149660
149714
149723
149811
149856
149897
149948
149966
150056
150181
150191
150220
150237
150264
150341
150350
150382
150454
150465
150466
150468
150518
150574
150840
150978
150995
151242
151286
151339
151345
151400
151489
151538
151545
151812
151872
151882
151980
152302
152362
152366
152368
152377
152428
152572
152688
152725
152731
152932
152947
152974
153036
153046
153130
153241
153312
153364
153370
153467
153470
153480
153486
153498
153501
153513
153519
153537
153691
153743
153751
153930
153944
154087
154105
154126
154243
154260
154444
154487
154496
154563
154589
154591
154625
154648
154651
154720
154730
154733
154739
154742
154745
154748
154751
154754
154755
154758
154759
154762
154764
154766
154774
154793
154796
154806
154826
154844
154858
154872
154993
155005
155074
155311
155425
155498
155517
155758
155788
155790
155908
155930
155947
156010
156025
156224
156230
156314
156315
156325
156343
156388
156389
156405
156406
156413
156416
156501
156588
156605
156680
156718
156722
156745
156772
156881
156910
156986
156991
157077
157078
157079
157080
157137
157146
157159
157217
157218
157220
157344
157497
157524
157560
157581
157640
157718
157866
158097
158345
158373
158395
158397
158654
158731
158894
158904
158947
159017
159029
159080
159096
159153
159246
159306
159308
159325
159331
159386
159389
159409
159413
159473
159621
159622
159635
159662
159695
159698
159699
159709
159740
159745
159752
159794
160110
160275
160477
160503
160529
160584
160664
160670
160674
160684
160709
160729
160751
160767
160777
160822
160894
160975
160976
160980
160982
160984
161080
161134
161192
161381
161393
161560
161621
161625
161675
161717
161925
161949
161959
161991
162027
162029
162032
162033
162070
162073
162129
162132
162135
162183
162186
162198
162222
162265
162282
162324
162338
162342
162357
162360
162366
162370
162385
162391
162399
162417
162441
162449
162504
162509
162516
162537
162544
162555
162761
162804
162844
162865
162871
162949
162956
162965
162978
162981
162983
162999
163001
163032
163048
163166
163188
163192
163194
163195
163199
163200
163202
163203
163205
163209
163211
163215
163221
163223
163227
163233
163235
163239
163242
163250
163251
163261
163268
163408
163460
163520
163554
163602
163614
163676
163709
163819
163825
163828
163831
163840
163846
163873
163930
163969
163987
164083
164134
164197
164283
164355
164367
164371
164403
164502
164534
164575
164595
164604
164615
164724
164734
164803
164845
164850
164907
165026
165079
165144
165175
165240
165286
165350
165398
165408
165416
165424
165577
165582
165614
165621
165628
165678
165696
165754
165815
165817
165818
165820
165845
165854
165878
165908
166079
166227
166229
166240
166247
166254
166308
166371
166383
166386
166389
166392
166393
166395
166400
166402
166403
166408
166410
166419
166457
166505
166509
166516
166543
166545
166556
166563
166602
166604
166714
166715
166860
166934
166943
166985
167009
167018
167140
167207
167236
167252
167260
167273
167276
167279
167297
167333
167393
167454
167534
167621
167626
167634
167638
167704
167721
167823
167845
167855
167856
167859
167890
167893
167896
167918
167930
167999
168093
168106
168152
168186
168225
168237
168386
168414
168453
168456
168524
168528
168597
168621
168627
168635
168654
168657
168675
168757
168810
168817
168820
168821
168823
168832
168835
168838
168846
168847
168864
168866
168873
168879
168882
168883
168894
168897
168898
168899
168900
168903
168904
168906
168922
168943
168951
168952
168967
168972
168973
168976
168985
168992
168993
168997
169000
169010
169011
169012
169018
169027
169030
169039
169106
169107
169117
169119
169128
169131
169132
169138
169139
169140
169141
169142
169145
169147
169151
169156
169163
169171
169195
169202
169214
169216
169248
169262
169270
169278
169282
169284
169288
169289
169300
169305
169316
169317
169332
169358
169361
169371
169375
169382
169387
169408
169426
169446
169453
169473
169489
169492
169498
169532
169867
169870
169910
169911
169926
169928
169932
169948
169950
169958
170001
170090
170122
170127
170142
170151
170161
170170
170172
170187
170225
170230
170301
170307
170314
170333
170345
170352
170354
170424
170457
170469
170499
170524
170556
170557
170565
170567
170645
170661
170665
170684
170698
170723
170734
170746
170778
170821
170842
170923
170950
170968
170971
170974
170983
171000
171011
171017
171028
171031
171064
171067
171070
171088
171096
171097
171134
171136
171151
171155
171156
171163
171167
171175
171202
171217
171236
171250
171259
171271
171274
171278
171283
171289
171307
171318
171319
171426
171448
171466
171571
171673
171677
171682
171722
171754
171778
171779
171790
171913
171983
172021
172105
172126
172145
172288
172350
172385
172477
172518
172522
172554
172596
172623
172659
172680
172724
172734
172791
172795
172859
172881
172903
172904
172935
172959
173028
173034
173046
173063
173064
173079
173190
173202
173203
173217
173237
173240
173250
173272
173325
173379
173436
173458
173466
173473
173611
173639
173719
173728
173750
173810
173827
173840
173846
173855
173909
173916
173920
173922
173939
173952
173959
173976
173995
173999
174000
174006
174007
174035
174052
174055
174077
174106
174113
174117
174233
174252
174254
174260
174287
174306
174307
174322
174328
174329
174332
174338
174462
174494
174503
174589
174603
174636
174660
174711
174716
174758
174768
174853
174865
174893
174900
174910
174953
174974
174980
175045
175047
175049
175050
175056
175062
175083
175088
175089
175093
175130
175158
175175
175207
175229
175247
175321
175370
175380
175448
175493
175494
175518
175521
175550
175610
175647
175649
175663
175697
175703
175705
175709
175721
175740
175800
175808
175818
175827
175829
175831
175838
175840
175959
175976
175983
175990
175997
175998
176058
176074
176090
176132
176150
176300
176311
176359
176360
176369
176415
176456
176457
176460
176473
176480
176564
176570
176609
176670
176718
176720
176743
176753
176769
176870
176876
176892
176893
176912
176917
176930
176932
176938
176977
176985
177089
177104
177128
177149
177170
177206
177257
177263
177272
177278
177329
177413
177423
177431
177436
177466
177503
177512
177524
177526
177530
177533
177550
177556
177557
177594
177604
177694
177795
177820
177833
177849
177860
177877
177888
177891
177895
177898
177982
177983
177987
177990
177991
177994
177995
177998
178017
178072
178078
178135
178165
178201
178207
178223
178289
178291
178333
178362
178375
178378
178399
178540
178561
178625
178633
178650
178659
178660
178669
178699
178709
178711
178723
178761
178762
178768
178807
178839
178840
178844
178847
178858
178870
178872
178874
178879
178886
178888
178889
178892
178894
178897
178901
178916
178918
178921
178925
178927
178931
178934
178937
178954
178955
178971
178979
178982
178989
178996
179001
179029
179045
179048
179057
179061
179069
179094
179096
179111
179121
179133
179215
179315
179324
179327
179362
179375
179384
179420
179428
179435
179465
179474
179489
179495
179504
179526
179549
179558
179561
179584
179611
179660
179678
179693
179717
179806
179829
179846
179855
179871
179888
179924
179960
179963
180004
180008
180035
180037
180047
180052
180062
180065
180068
180070
180106
180119
180159
180178
180199
180232
180265
180286
180298
180300
180307
180313
180316
180331
180337
180349
180352
180360
180361
180368
180370
180383
180401
180405
180410
180417
180420
180441
180492
180507
180525
180533
180552
180642
180663
180671
180674
180675
180684
180711
180714
180717
180720
180723
180727
180728
180740
180741
180744
180749
180752
180754
180759
180760
180764
180765
180773
180775
180776
180779
180783
180793
180795
180798
180819
180825
181199
181202
181210
181224
181232
181236
181244
181250
181254
181256
181261
181264
181274
181307
181318
181321
181354
181392
181397
181405
181409
181422
181435
181436
181441
181492
181493
181554
181564
181576
181578
181579
181584
181596
181618
181629
181630
181633
181669
181691
181693
181762
181774
181777
181795
181801
181807
181810
181827
181855
181885
181888
181900
181905
181906
181921
181924
181994
182019
182030
182042
182043
182068
182308
182317
182323
182350
182356
182371
182373
182380
182385
182396
182423
182424
182428
182431
182432
182439
182440
182448
182449
182461
182467
182631
182697
182700
182703
182706
182707
182709
182713
182716
182777
182781
182809
182834
182855
182876
182883
182897
182906
182921
182941
182956
182963
182975
182981
182984
182986
182989
182994
183011
183017
183024
183034
183035
183046
183049
183053
183054
183080
183081
183092
183094
183095
183116
183118
183121
183123
183130
183133
183146
183154
183161
183182
183204
183206
183211
183212
183243
183246
183247
183251
183275
183277
183285
183294
183308
183312
183318
183327
183345
183369
183385
183396
183399
183404
183424
183437
183457
183471
183484
183508
183567
183568
183598
183639
183651
183683
183690
183693
183699
183709
183714
183724
183729
183748
183781
183833
183838
183862
183869
183895
183902
183903
183916
183934
183946
183952
183960
184024
184036
184040
184041
184044
184058
184066
184080
184096
184103
184104
184125
184130
184162
184171
184207
184213
184216
184218
184221
184228
184299
184301
184303
184307
184308
184345
184346
184364
184370
184388
184395
184401
184412
184462
184489
184504
184510
184543
184567
184570
184600
184621
184715
184798
184808
184810
184830
184858
184888
184894
184915
184927
184933
184942
184969
184987
184999
185002
185009
185020
185026
185043
185053
185059
185089
185092
185098
185109
185146
185182
185221
185243
185249
185275
185290
185299
185309
185343
185346
185424
185428
185436
185450
185457
185544
185565
185586
185589
185652
185655
185697
185702
185747
185756
185762
185765
185798
185804
185836
185846
185855
185860
185884
185888
185903
185915
185930
185960
185963
185996
186006
186023
186069
186077
186110
186164
186185
186188
186197
186232
186234
186257
186258
186269
186272
186305
186307
186309
186330
186332
186373
186381
186393
186395
186397
186399
186415
186430
186432
186433
186441
186442
186531
186534
186537
186573
186576
186578
186609
186620
186632
186639
186642
186645
186647
186654
186662
186696
186701
186702
186708
186711
186769
186771
186774
186782
186784
186785
186788
186789
186795
186810
186816
186882
186910
186919
186935
186947
186955
187006
187010
187013
187014
187220
187237
187277
187285
187293
187351
187353
187360
187374
187382
187397
187406
187414
187418
187425
187435
187493
187534
187537
187580
187590
187600
187603
187609
187618
187651
187663
187666
187690
187696
187701
187726
187737
187753
187774
187783
187810
187816
187825
187827
187861
187863
187870
187876
187882
187936
187976
187977
188006
188019
188039
188063
188083
188105
188109
188114
188132
188141
188149
188150
188153
188170
188202
188217
188230
188243
188318
188321
188326
188362
188387
188423
188480
188508
188534
188645
188679
188711
188763
188771
188837
188861
188885
188896
188903
188941
188988
189023
189038
189053
189071
189080
189090
189098
189110
189158
189211
189218
189238
189326
189343
189344
189363
189393
189437
189532
189535
189572
189576
189591
189614
189617
189651
189662
189709
189712
189761
189763
189800
189911
189931
189973
189983
189996
190050
190146
190154
190156
190158
190168
190169
190219
190222
190255
190270
190273
190323
190324
190360
190368
190390
190417
190438
190456
190467
190471
190486
190488
190491
190507
190510
190522
190534
190543
190555
190570
190573
190582
190588
190590
190592
190593
190594
190600
190602
190605
190608
190613
190623
190636
190638
190639
190645
190693
190705
190707
190711
190723
190764
190770
190777
190798
190806
190815
190860
190872
190883
190902
190905
190923
190944
190985
191019
191022
191024
191069
191087
191109
191234
191262
191276
191358
191376
191379
191388
191390
191398
191444
191445
191457
191476
191497
191506
191518
191519
191521
191530
191548
191602
191614
191642
191725
191815
191817
191821
191826
191850
191914
191923
191954
192048
192063
192065
192087
192089
192096
192097
192098
192110
192160
192166
192178
192190
192192
192211
192238
192241
192262
192266
192294
192298
192301
192306
192310
192311
192314
192328
192332
192333
192334
192335
192352
192393
192407
192424
192437
192463
192496
192502
192507
192509
192521
192524
192549
192550
192553
192574
192576
192581
192593
192598
192602
192617
192621
192627
192710
192712
192740
192744
192777
192783
192785
192800
192825
192878
192895
192943
192968
192975
193006
193010
193014
193019
193020
193039
193049
193055
193068
193090
193103
193104
193110
193116
193126
193130
193133
193142
193147
193151
193152
193154
193167
193178
193209
193217
193218
193228
193230
193285
193330
193357
193375
193380
193385
193411
193445
193458
193483
193498
193503
193506
193526
193528
193556
193559
193561
193572
193610
193629
193640
193664
193667
193674
193687
193689
193709
193710
193726
193727
193730
193785
193793
193829
193841
193850
193858
193865
193889
193904
193913
193952
193970
193987
193988
194009
194013
194042
194043
194054
194060
194084
194088
194102
194104
194137
194138
194139
194159
194180
194182
194201
194213
194217
194221
194243
194254
194263
194278
194283
194288
194297
194320
194326
194330
194345
194351
194365
194368
194375
194390
194423
194708
194738
194744
194759
195063
195271
195292
195302
195619
195650
195654
195695
195718
195741
195743
195754
195773
195813
195837
195838
195905
195921
196033
196055
196056
196064
196066
196079
196107
196112
196120
196126
196127
196128
196129
196134
196173
196192
196209
196230
196263
196512
196599
196629
196641
196689
196860
196863
196866
196875
196989
197052
197084
197087
197089
197091
197093
197142
197145
197148
197163
197169
197170
197173
197175
197193
197195
197206
197211
197223
197230
197283
197289
197308
197313
197368
197558
197627
197635
197649
197665
197674
197752
197796
197803
197872
197889
197901
197907
197913
197992
197993
198028
198072
198078
198099
198109
198210
198254
198331
198345
198352
198354
198360
198376
198429
198462
198465
198468
198503
198506
198535
198536
198563
198595
198597
198612
198624
198633
198636
198637
198639
198662
198667
198681
198717
198795
198814
198927
198976
198981
198985
198991
199000
199007
199009
199023
199030
199034
199037
199040
199042
199045
199046
199049
199052
199054
199055
199063
199065
199069
199077
199080
199085
199086
199089
199092
199206
199228
199234
199275
199287
199298
199310
199332
199382
199399
199413
199437
199514
199522
199553
199616
199634
199658
199670
199673
199700
199766
199793
199795
199805
199824
199833
199834
199836
199837
199839
199840
199841
199845
199850
199854
199859
199871
199904
199967
199974
200027
200028
200052
200063
200096
200106
200108
200152
200157
200177
200225
200227
200230
200241
200242
200251
200255
200261
200269
200272
200303
200328
200399
200419
200513
200590
200599
200663
200668
200719
200808
200830
200833
200834
200866
200869
200879
200885
200970
200972
200990
201088
201104
201152
201155
201156
201171
201191
201201
201212
201222
201267
201280
201286
201294
201311
201320
201326
201330
201349
201356
201397
201449
201452
201456
201488
201532
201564
201567
201606
201612
201614
201616
201624
201636
201645
201646
201648
201672
201675
201684
201696
201713
201771
201804
201813
201843
201845
201854
201877
201937
201947
201953
201966
201987
202022
202038
202055
202062
202076
202080
202136
202149
202158
202177
202189
202216
202289
202304
202311
202372
202440
202477
202557
202562
202576
202622
202661
202688
202700
202716
202718
202727
202772
202803
202811
202812
202813
202817
202819
202832
202844
202855
202858
202859
202867
202870
202892
202906
202907
202911
202914
202917
202975
203021
203023
203063
203087
203096
203120
203138
203151
203152
203214
203216
203226
203234
203236
203240
203288
203297
203304
203307
203341
203349
203394
203398
203409
203412
203418
203422
203433
203436
203437
203446
203525
203544
203588
203597
203639
203657
203661
203670
203721
203723
203823
203848
203880
203881
203916
203934
203943
204029
204164
204197
204201
204248
204381
204393
204394
204400
204401
204402
204403
204409
204410
204431
204489
204492
204493
204512
204528
204535
204538
204571
204576
204626
204689
204692
204713
204715
204736
204740
204754
204821
204855
204881
204896
204955
205042
205095
205119
205201
205282
205321
205362
205389
205395
205413
205422
205464
205476
205502
205518
205525
205536
205545
205554
205575
205590
205607
205620
205652
205712
205713
205736
205746
205747
205749
205758
205784
205785
205814
205816
205821
205823
205827
205859
205940
206067
206112
206120
206144
206178
206181
206205
206236
206267
206273
206351
206357
206361
206371
206387
206409
206426
206430
206437
206536
206549
206555
206631
206659
206696
206713
206876
206912
206993
207020
207074
207122
207230
207253
207279
207314
207365
207368
207386
207540
207551
207618
207640
207648
207687
207695
207819
207888
207894
207897
207913
207975
208009
208033
208041
208065
208141
208235
208293
208323
208324
208428
208458
208486
208487
208503
208538
208539
208544
208548
208551
208568
208575
208609
208611
208616
208631
208696
208715
208721
208738
208753
208756
208805
208808
208835
208849
208859
208863
208894
208916
208937
208943
208946
208952
208964
208996
209003
209006
209011
209015
209060
209077
209078
209089
209108
209111
209117
209141
209144
209164
209171
209177
209182
209198
209234
209240
209261
209294
209309
209322
209415
209514
209522
209587
209593
209602
209647
209665
209699
209725
209785
209808
209935
210028
210055
210061
210085
210313
210393
210408
210444
210612
210617
210667
210702
210703
210712
210740
210801
210856
210866
210978
210981
210992
210994
211016
211055
211071
211112
211124
211271
211276
211277
211319
211323
211329
211340
211346
211379
211428
211444
211454
211587
211593
211610
211650
211655
211755
211767
211820
211849
211895
211917
211950
211974
211992
212001
212017
212019
212022
212034
212043
212048
212057
212064
212066
212076
212091
212113
212114
212118
212132
212208
212235
212262
212268
212334
212353
212376
212389
212488
212491
212506
212511
212513
212533
212550
212553
212563
212579
212592
212626
212673
212686
212688
212750
212784
212796
212850
212855
212862
212907
212937
213027
213068
213078
213096
213108
213135
213149
213153
213165
213198
213220
213230
213294
213309
213344
213361
213410
213489
213540
213546
213618
213739
213745
213748
213753
213773
213849
213868
213904
213911
213956
214009
214075
214100
214106
214117
214167
214293
214305
214323
214327
214370
214372
214405
214431
214464
214476
214493
214506
214539
214545
214566
214584
214611
214641
214692
214710
214764
214791
214806
214830
214833
214843
214959
215077
215080
215087
215231
215233
215236
215281
215344
215383
215393
215434
215464
215475
215482
215488
215506
215548
215550
215554
215566
215578
215584
215602
215611
215730
215785
215842
215877
215905
215917
215950
215955
215994
216068
216070
216088
216201
216217
216260
216350
216360
216364
216366
216386
216387
216410
216482
216579
216620
216639
216836
216897
216903
216915
216948
216956
216973
216981
217008
217049
217056
217089
217150
217180
217209
217218
217251
217348
217383
217476
217484
217490
217492
217536
217554
217560
217623
217728
217746
217836
217837
217876
217924
217985
217996
217997
218018
218043
218065
218069
218093
218103
218255
218264
218306
218352
218360
218414
218483
218487
218494
218510
218513
218533
218549
218570
218582
218596
218597
218675
218738
218792
218816
218836
218846
218864
218876
218879
218915
218921
218933
218951
218963
219009
219056
219104
219172
219287
219311
219389
219398
219416
219452
219467
219476
219497
219503
219541
219707
219773
219798
219816
219922
219961
220002
220007
220012
220015
220025
220029
220045
220050
220058
220073
220095
220116
220118
220120
220161
220253
220256
220273
220393
220405
220446
220471
220483
220576
220597
220603
220714
220774
220794
220813
220834
220843
220858
220939
220996
221077
221134
221242
221277
221282
221339
221341
221394
221396
221423
221431
221536
221604
221607
221612
221628
221637
221644
221650
221651
221655
221728
221777
221783
221800
221814
221895
221899
221914
221917
221930
221946
221952
221959
221961
221962
221974
221978
221993
221998
222002
222003
222009
222036
222041
222073
222088
222104
222119
222140
222160
222191
222231
222240
222243
222249
222258
222313
222316
222355
222370
222417
222510
222526
222553
222558
222567
222601
222602
222639
222847
222873
222874
222879
222961
222964
223024
223090
223162
223210
223255
223264
223273
223308
223320
223336
223347
223357
223359
223363
223369
223370
223375
223381
223384
223393
223396
223399
223411
223417
223420
223432
223441
223483
223486
223495
223549
223564
223599
223603
223611
223618
223621
223642
223646
223657
223682
223706
223710
223725
223752
223753
223893
223904
223954
223961
223966
223988
223999
224000
224043
224075
224103
224108
224119
224126
224132
224138
224141
224161
224183
224184
224186
224189
224192
224201
224204
224240
224243
224246
224249
224264
224279
224283
224312
224373
224381
224423
224456
224459
224474
224522
224525
224534
224544
224558
224576
224579
224594
224600
224607
224636
224648
224657
224693
224753
224755
224756
224876
224885
224916
224919
224920
224984
224996
225005
225008
225011
225035
225059
225064
225065
225068
225089
225113
225149
225182
225186
225221
225251
225270
225338
225368
225433
225440
225456
225462
225479
225482
225485
225486
225487
225488
225490
225491
225494
225495
225497
225500
225504
225505
225506
225507
225509
225512
225513
225536
225539
225569
225656
225729
225800
225898
225980
226010
226037
226040
226043
226052
226091
226145
226233
226234
226238
226244
226247
226253
226257
226259
226268
226352
226373
226419
226422
226426
226433
226445
226457
226464
226469
226471
226722
226842
226871
226940
226963
226967
226975
227021
227060
227069
227072
227077
227095
227096
227099
227120
227199
227214
227219
227241
227243
227261
227294
227309
227315
227366
227390
227395
227401
227404
227412
227459
227512
227598
227675
227759
227798
227859
227870
227904
227921
227930
227947
228039
228045
228054
228060
228069
228079
228081
228109
228138
228186
228187
228195
228222
228225
228251
228255
228263
228265
228270
228287
228291
228348
228441
228473
228618
228636
228652
228655
228711
228714
228753
228763
228816
228855
228961
228969
228979
229026
229032
229068
229083
229101
229162
229164
229175
229179
229252
229411
229550
229558
229563
229564
229568
229588
229615
229649
229652
229684
229695
229752
229759
229767
229827
229872
229908
229911
229935
229953
229974
230013
230025
230040
230063
230076
230101
230107
230111
230112
230142
230223
230236
230267
230268
230282
230302
230307
230310
230311
230312
230315
230413
230419
230428
230431
230443
230517
230520
230563
230614
230625
230628
230639
230658
230664
230698
230706
230709
230713
230743
230793
230805
230808
230822
230900
230933
230935
230937
230959
230960
230977
230980
230984
230986
230996
230997
230998
231004
231013
231022
231025
231057
231060
231083
231089
231092
231110
231116
231117
231119
231121
231126
231213
231220
231224
231308
231323
231345
231353
231356
231358
231365
231367
231368
231373
231383
231384
231385
231397
231405
231435
231441
231444
231447
231448
231453
231479
231490
231514
231518
231527
231555
231565
231569
231570
231589
231601
231603
231606
231607
231620
231622
231628
231629
231631
231636
231638
231644
231649
231653
231657
231660
231681
231696
231698
231712
231722
231733
231750
231756
231762
231769
231799
231800
231801
231802
231811
231821
231825
231826
231827
231830
231833
231864
231909
231910
231926
231956
231957
231975
232331
232337
232348
232353
232356
232358
232364
232365
232367
232369
232371
232372
232374
232378
232380
232381
232385
232388
232395
232408
232411
232414
232420
232447
232453
232491
232492
232498
232501
232509
232528
232531
232554
232591
232609
232615
232616
232642
232675
232699
232732
232747
232759
232765
232768
232773
232777
232779
232801
232806
232831
232843
232858
232873
232882
232887
232897
232900
232910
232942
232948
232954
232957
232999
233004
233017
233029
233042
233047
233062
233068
233077
233083
233107
233367
233422
233427
233446
233452
233505
233512
233524
233529
233540
233542
233560
233562
233565
233566
233572
233587
233590
233593
233642
233644
233646
233648
233651
233683
233746
233860
233869
233872
233875
234046
234094
234106
234136
234223
234472
234505
234526
234543
234562
234601
234606
234607
234608
234609
234615
234623
234628
234634
234643
234656
234669
234671
234679
234680
234814
234830
234897
234898
234922
234962
234981
234992
234994
235017
235040
235081
235085
235116
235433
235443
